9.683256112762328449e-01 -2.496857672843072751e-01 1.590019546035437376e-03 1.126022583007812550e+00 2.496851943255272432e-01 9.683269068878577190e-01 5.523871991237126310e-04 8.450177764892578824e-02 -1.677581930554964502e-03 -1.378863329193897973e-04 9.999985833521093381e-01 3.878228759765624950e-02 0.000000000000000000e+00 0.000000000000000000e+00 0.000000000000000000e+00 1.000000000000000000e+00 7.035844898702857675e-01 -7.105279048557104904e-01 1.090697186776492904e-02 3.183074706970879797e-01 7.105922734249197070e-01 7.035957019055489869e-01 -3.421872125318376184e-03 1.345876741641877095e-01 -5.242762895077518817e-03 1.015798608939020263e-02 9.999346622434056586e-01 1.004973768496905340e+00 0.000000000000000000e+00 0.000000000000000000e+00 0.000000000000000000e+00 1.000000000000000000e+00 1.400066650390624945e+00 3.051790466308593741e-01 1.335821289062500083e+00
9.683132403952183775e-01 -2.497341829373535549e-01 1.518666495415827832e-03 1.126030517578125112e+00 2.497337282528552804e-01 9.683144270827975797e-01 4.850528243733348175e-04 8.451725769042968406e-02 -1.591680948214747870e-03 -9.042082625890365474e-05 9.999987291871091921e-01 3.878633117675781006e-02 0.000000000000000000e+00 0.000000000000000000e+00 0.000000000000000000e+00 1.000000000000000000e+00 7.035848898558283437e-01 -7.105270160228329690e-01 1.093902501371933449e-02 3.183072351556066604e-01 7.105919223102790117e-01 7.035958592530370259e-01 -3.462194298853176616e-03 1.345799687528745903e-01 -5.236670119862908354e-03 1.020913040711713717e-02 9.999341733046162028e-01 1.004969219675144965e+00 0.000000000000000000e+00 0.000000000000000000e+00 0.000000000000000000e+00 1.000000000000000000e+00 1.400069824218749925e+00 3.051654052734374956e-01 1.335829101562500121e+00
9.683300270945223165e-01 -2.496685366860066924e-01 1.606367389385864519e-03 1.126017333984375091e+00 2.496679594451883255e-01 9.683313500884583869e-01 5.535904073093098326e-04 8.449456787109374534e-02 -1.693710009818412540e-03 -1.349997458818281569e-04 9.999985565596938297e-01 3.878664779663085899e-02 0.000000000000000000e+00 0.000000000000000000e+00 0.000000000000000000e+00 1.000000000000000000e+00 7.035672869397342488e-01 -7.105441891824645362e-01 1.095572760228855080e-02 3.182975783103244027e-01 7.106090863328710094e-01 7.035786917164348342e-01 -3.427970792205646804e-03 1.345926561995083315e-01 -5.272491766130878166e-03 1.019704769155486274e-02 9.999341083536216201e-01 1.004975633258997414e+00 0.000000000000000000e+00 0.000000000000000000e+00 0.000000000000000000e+00 1.000000000000000000e+00 1.400074707031250032e+00 3.051566772460937438e-01 1.335866088867187607e+00
9.683271449335805192e-01 -2.496798517516180815e-01 1.584933459366248340e-03 1.126017456054687615e+00 2.496792960927829153e-01 9.683284333565512769e-01 5.424535551606314739e-04 8.450426483154296897e-02 -1.670175856917143018e-03 -1.295474318393009295e-04 9.999985968640505707e-01 3.879391098022461071e-02 0.000000000000000000e+00 0.000000000000000000e+00 0.000000000000000000e+00 1.000000000000000000e+00 7.035680083901602044e-01 -7.105447748025324195e-01 1.087108875513309765e-02 3.182861898452075677e-01 7.106087540914707290e-01 7.035790806839455902e-01 -3.416991732742679765e-03 1.345941841673925221e-01 -5.220745011126360843e-03 1.012917690399433787e-02 9.999350696904156788e-01 1.004972991614547784e+00 0.000000000000000000e+00 0.000000000000000000e+00 0.000000000000000000e+00 1.000000000000000000e+00 1.400086425781249977e+00 3.051394958496093657e-01 1.335880493164062432e+00
9.683285950038434953e-01 -2.496741714392207434e-01 1.593804888005395225e-03 1.126020629882812596e+00 2.496736510454672098e-01 9.683299008165100474e-01 5.207286375063386588e-04 8.449507904052734608e-02 -1.673341420237202740e-03 -1.063053444923590430e-04 9.999985943128445465e-01 3.877721786499023493e-02 0.000000000000000000e+00 0.000000000000000000e+00 0.000000000000000000e+00 1.000000000000000000e+00 7.035851200077056777e-01 -7.105279572789242604e-01 1.086281863889451346e-02 3.182823381808495000e-01 7.105917205922731572e-01 7.035964061648285472e-01 -3.391733723389041884e-03 1.346010508569271680e-01 -5.233118521032836812e-03 1.010540236589872916e-02 9.999352455602152911e-01 1.004978048504617139e+00 0.000000000000000000e+00 0.000000000000000000e+00 0.000000000000000000e+00 1.000000000000000000e+00 1.400066528320312420e+00 3.051611022949218821e-01 1.335828857421875071e+00
9.683248462435399828e-01 -2.496887850199918657e-01 1.582018541238055815e-03 1.126030151367187537e+00 2.496882388075135628e-01 9.683261305007838660e-01 5.370200935103647396e-04 8.449691009521484442e-02 -1.665997787097466855e-03 -1.249984761555530813e-04 9.999986044124034024e-01 3.878308486938476796e-02 0.000000000000000000e+00 0.000000000000000000e+00 0.000000000000000000e+00 1.000000000000000000e+00 7.035764404472665268e-01 -7.105360908996054548e-01 1.089293241792863194e-02 3.182947238685387981e-01 7.106003700006120471e-01 7.035874754008312193e-01 -3.431998554472597083e-03 1.345879713183509852e-01 -5.225571982774223148e-03 1.015519513314774337e-02 9.999347805778437959e-01 1.004991111560902706e+00 0.000000000000000000e+00 0.000000000000000000e+00 0.000000000000000000e+00 1.000000000000000000e+00 1.400090820312499984e+00 3.051836853027343754e-01 1.335838012695312438e+00
9.683157834686048071e-01 -2.497243865888146286e-01 1.508054515710839909e-03 1.126031005859374989e+00 2.497238951281466890e-01 9.683169508233125944e-01 5.088715640386072027e-04 8.452338409423827692e-02 -1.587352389510480067e-03 -1.161511194880359408e-04 9.999987334098523473e-01 3.881730651855468811e-02 0.000000000000000000e+00 0.000000000000000000e+00 0.000000000000000000e+00 1.000000000000000000e+00 7.035845452164846137e-01 -7.105276991072778658e-01 1.091680053084116524e-02 3.183098931079078597e-01 7.105922373427678851e-01 7.035956735139728968e-01 -3.435176941357514797e-03 1.345859676000314697e-01 -5.240225253945756181e-03 1.017433111985832118e-02 9.999345093682643348e-01 1.004968714750394509e+00 0.000000000000000000e+00 0.000000000000000000e+00 0.000000000000000000e+00 1.000000000000000000e+00 1.400085571289062525e+00 3.051650085449219008e-01 1.335880615234374957e+00
9.683152557671502736e-01 -2.497263705773990483e-01 1.518317107106094323e-03 1.126037475585937475e+00 2.497259071310888867e-01 9.683164413808276194e-01 4.905702039491501715e-04 8.452571105957031039e-02 -1.592719734586241914e-03 -9.586349562404377278e-05 9.999987270262084005e-01 3.880747604370117509e-02 0.000000000000000000e+00 0.000000000000000000e+00 0.000000000000000000e+00 1.000000000000000000e+00 7.035681878406572221e-01 -7.105441030565941007e-01 1.090333298189447367e-02 3.182978290619454809e-01 7.106085577860862257e-01 7.035791406274776172e-01 -3.445355580869493336e-03 1.346005013540981787e-01 -5.223280558456601559e-03 1.017204430782454178e-02 9.999346212902158193e-01 1.004987558413973359e+00 0.000000000000000000e+00 0.000000000000000000e+00 0.000000000000000000e+00 1.000000000000000000e+00 1.400071533203125052e+00 3.051225585937499818e-01 1.335817260742187429e+00
9.683125329962668504e-01 -2.497368898751282096e-01 1.524558248052721669e-03 1.126041137695312555e+00 2.497364673917901734e-01 9.683137307010328820e-01 4.645325787823104667e-04 8.452700805664062345e-02 -1.592261606313729021e-03 -6.907492681828311361e-05 9.999987299650092698e-01 3.879217910766601801e-02 0.000000000000000000e+00 0.000000000000000000e+00 0.000000000000000000e+00 1.000000000000000000e+00 7.035764010005973734e-01 -7.105365399997537468e-01 1.086615296344526152e-02 3.182663722631709491e-01 7.106007177565455413e-01 7.035869634609834833e-01 -3.464790272868372139e-03 1.345912006687397799e-01 -5.183423475744324514e-03 1.015924076548322362e-02 9.999349588588950510e-01 1.004995857873926424e+00 0.000000000000000000e+00 0.000000000000000000e+00 0.000000000000000000e+00 1.000000000000000000e+00 1.400065307617187615e+00 3.051766662597656388e-01 1.335828247070312447e+00
9.683145366131676868e-01 -2.497292866555239632e-01 1.497187412921191681e-03 1.126032348632812541e+00 2.497288061287793459e-01 9.683156874872619335e-01 5.027480141488034583e-04 8.452840423583984908e-02 -1.575300961980921101e-03 -1.129273851738435560e-04 9.999987528363647460e-01 3.881865310668945052e-02 0.000000000000000000e+00 0.000000000000000000e+00 0.000000000000000000e+00 1.000000000000000000e+00 7.035592774857777343e-01 -7.105525626499307190e-01 1.092697466394541850e-02 3.182969442206549093e-01 7.106173408967897398e-01 7.035701921272985437e-01 -3.461151070353395403e-03 1.345920193426270728e-01 -5.228563900924043141e-03 1.020002262606644824e-02 9.999343086713055051e-01 1.004988066551223191e+00 0.000000000000000000e+00 0.000000000000000000e+00 0.000000000000000000e+00 1.000000000000000000e+00 1.400094726562500114e+00 3.051263732910156068e-01 1.335813720703125096e+00
9.683263993243343970e-01 -2.496826969888483738e-01 1.592229865464109143e-03 1.126023925781250101e+00 2.496821122853704056e-01 9.683276976874755082e-01 5.591922645941949923e-04 8.449111175537109275e-02 -1.681420912573280057e-03 -1.439293160515872421e-04 9.999985760530195611e-01 3.878204345703124833e-02 0.000000000000000000e+00 0.000000000000000000e+00 0.000000000000000000e+00 1.000000000000000000e+00 7.035773894798197370e-01 -7.105349355387529098e-01 1.090698820492965251e-02 3.182931615984262441e-01 7.105998116894447492e-01 7.035876081513505742e-01 -3.519273048122296358e-03 1.345819805904398536e-01 -5.173455294850600079e-03 1.022658470858657867e-02 9.999343240060870608e-01 1.004964847673859962e+00 0.000000000000000000e+00 0.000000000000000000e+00 0.000000000000000000e+00 1.000000000000000000e+00 1.400095947265624918e+00 3.051007080078125266e-01 1.335833007812500028e+00
9.683210833792846861e-01 -2.497033631045904312e-01 1.584278203293690854e-03 1.126033325195312518e+00 2.497028365560940710e-01 9.683223728300115463e-01 5.250644689675898046e-04 8.450804901123047663e-02 -1.665202392784147179e-03 -1.128322341782381005e-04 9.999986071839690460e-01 3.878549194335937506e-02 0.000000000000000000e+00 0.000000000000000000e+00 0.000000000000000000e+00 1.000000000000000000e+00 7.036027016866704953e-01 -7.105100083765412133e-01 1.089798953869402891e-02 3.182897242471317001e-01 7.105746597188455915e-01 7.036131373836940206e-01 -3.493689528538116394e-03 1.345815974324431896e-01 -5.185667234308530618e-03 1.020200459921089681e-02 9.999345118343965222e-01 1.004983701707339527e+00 0.000000000000000000e+00 0.000000000000000000e+00 0.000000000000000000e+00 1.000000000000000000e+00 1.400087280273437429e+00 3.051325683593750226e-01 1.335893432617187626e+00
9.683153958023245078e-01 -2.497258360982038683e-01 1.516917018342954331e-03 1.126030151367187537e+00 2.497253823987388710e-01 9.683165797505400851e-01 4.845265931794399093e-04 8.452461242675780861e-02 -1.589854707560786791e-03 -9.036187737845153244e-05 9.999987320975661786e-01 3.880627441406250128e-02 0.000000000000000000e+00 0.000000000000000000e+00 0.000000000000000000e+00 1.000000000000000000e+00 7.035859138645110811e-01 -7.105268518806708844e-01 1.088368356687971841e-02 3.182918884923331415e-01 7.105914710458896000e-01 7.035960499585333094e-01 -3.515644974644683597e-03 1.345857550047886431e-01 -5.159756610490780909e-03 1.020741099849558839e-02 9.999345906970257269e-01 1.004983782782776558e+00 0.000000000000000000e+00 0.000000000000000000e+00 0.000000000000000000e+00 1.000000000000000000e+00 1.400083618164062571e+00 3.051007690429687336e-01 1.335808471679687637e+00
9.683138705447197347e-01 -2.497318552841638617e-01 1.499522268292612830e-03 1.126030029296875012e+00 2.497314075110825260e-01 9.683150272429418282e-01 4.817862954174061390e-04 8.452745819091797563e-02 -1.572327331478232332e-03 -9.204254583610504471e-05 9.999987596566970449e-01 3.880425262451171753e-02 0.000000000000000000e+00 0.000000000000000000e+00 0.000000000000000000e+00 1.000000000000000000e+00 7.036280776271839343e-01 -7.104842337108120409e-01 1.093992792636228929e-02 3.183251497003164454e-01 7.105495915980005739e-01 7.036381845779761113e-01 -3.547264259213528739e-03 1.345749418790511687e-01 -5.177475696542388831e-03 1.026931605173431704e-02 9.999338652597187238e-01 1.004975980325602647e+00 0.000000000000000000e+00 0.000000000000000000e+00 0.000000000000000000e+00 1.000000000000000000e+00 1.400074951171875082e+00 3.051297302246093746e-01 1.335809448242187614e+00
9.683235801422025446e-01 -2.496937015464971987e-01 1.580996077197571563e-03 1.126039550781249954e+00 2.496931597866315633e-01 9.683248630209265739e-01 5.344261140733920718e-04 8.449452209472656239e-02 -1.664360644515056487e-03 -1.227335019753008499e-04 9.999986074190966301e-01 3.877629089355468656e-02 0.000000000000000000e+00 0.000000000000000000e+00 0.000000000000000000e+00 1.000000000000000000e+00 7.035945579748509315e-01 -7.105174107398731786e-01 1.094107049975523438e-02 3.183065910076398053e-01 7.105827174050890482e-01 7.036047934235769574e-01 -3.535024266558716832e-03 1.345860508177917358e-01 -5.186493360035155688e-03 1.026175944329647989e-02 9.999338961050145969e-01 1.004979446000918486e+00 0.000000000000000000e+00 0.000000000000000000e+00 0.000000000000000000e+00 1.000000000000000000e+00 1.400088745117187505e+00 3.050938110351562593e-01 1.335847656250000126e+00
9.683225545119285016e-01 -2.496975991795186145e-01 1.593545568130854675e-03 1.126034301757812495e+00 2.496970277452539855e-01 9.683238562135433325e-01 5.512013415393973194e-04 8.450474548339843850e-02 -1.680701841231388308e-03 -1.358370991509341068e-04 9.999985783937912487e-01 3.877737808227538913e-02 0.000000000000000000e+00 0.000000000000000000e+00 0.000000000000000000e+00 1.000000000000000000e+00 7.036195109207269427e-01 -7.104929059934170787e-01 1.092768890051359736e-02 3.183066362317123477e-01 7.105581289662887823e-01 7.036295724069518975e-01 -3.545446986900744994e-03 1.345810775532197412e-01 -5.170030135695861603e-03 1.025940385399308832e-02 9.999340055328433952e-01 1.004978029728394784e+00 0.000000000000000000e+00 0.000000000000000000e+00 0.000000000000000000e+00 1.000000000000000000e+00 1.400078979492187514e+00 3.051312561035156579e-01 1.335828369140624972e+00
9.683137085953194001e-01 -2.497324100934230351e-01 1.511653170975595182e-03 1.126028686523437461e+00 2.497319837479184124e-01 9.683148856078530597e-01 4.675506174731113322e-04 8.452346038818359109e-02 -1.580518809874209736e-03 -7.522752723485392318e-05 9.999987481497718544e-01 3.879082107543945640e-02 0.000000000000000000e+00 0.000000000000000000e+00 0.000000000000000000e+00 1.000000000000000000e+00 7.035939858781803391e-01 -7.105180299869685578e-01 1.093764597580898848e-02 3.183042135046511567e-01 7.105834222981520787e-01 7.036039639206639329e-01 -3.558357791876454006e-03 1.345908304649006404e-01 -5.167493696267264763e-03 1.027574905134299652e-02 9.999338508073085663e-01 1.004972975767452148e+00 0.000000000000000000e+00 0.000000000000000000e+00 0.000000000000000000e+00 1.000000000000000000e+00 1.400068359375000071e+00 3.051211547851562789e-01 1.335827880859375094e+00
9.683217508530219675e-01 -2.497007885659427717e-01 1.582091806534137099e-03 1.126030273437500062e+00 2.497002416953248150e-01 9.683230351891544130e-01 5.374191660816835881e-04 8.450478363037108864e-02 -1.666169929612076016e-03 -1.253459613664195096e-04 9.999986040821035038e-01 3.878675079345703103e-02 0.000000000000000000e+00 0.000000000000000000e+00 0.000000000000000000e+00 1.000000000000000000e+00 7.036375770058354018e-01 -7.104757594437577373e-01 1.087912993638913590e-02 3.182913302434945968e-01 7.105405138858541525e-01 7.036473319192743103e-01 -3.551113869329017032e-03 1.345817331504619296e-01 -5.132090430160525865e-03 1.022875973431940436e-02 9.999345149169091007e-01 1.004983772472827885e+00 0.000000000000000000e+00 0.000000000000000000e+00 0.000000000000000000e+00 1.000000000000000000e+00 1.400098999023437596e+00 3.050792846679687420e-01 1.335821411132812608e+00
9.683157357015915734e-01 -2.497245065227835237e-01 1.518826730617434855e-03 1.126036254882812448e+00 2.497240618987745797e-01 9.683169231933169696e-01 4.787130715907199742e-04 8.452774810791015281e-02 -1.590252012224237796e-03 -8.425781961711516113e-05 9.999987319987748702e-01 3.879294967651367165e-02 0.000000000000000000e+00 0.000000000000000000e+00 0.000000000000000000e+00 1.000000000000000000e+00 7.036120410544958181e-01 -7.105009238234121227e-01 1.088728291192710487e-02 3.182986948808651517e-01 7.105658896962181448e-01 7.036215805407105561e-01 -3.576003022108306412e-03 1.345851376639641550e-01 -5.119773759480753667e-03 1.025225065389058846e-02 9.999343374808076224e-01 1.004973724196926987e+00 0.000000000000000000e+00 0.000000000000000000e+00 0.000000000000000000e+00 1.000000000000000000e+00 1.400093261718750037e+00 3.050704650878906521e-01 1.335840087890625139e+00
9.683246652279295930e-01 -2.496893888951741414e-01 1.597430553277784642e-03 1.126035766601562571e+00 2.496888314876154202e-01 9.683259745921890538e-01 5.425499391345379573e-04 8.449822998046875588e-02 -1.682302460093667261e-03 -1.265039199513397206e-04 9.999985769265828939e-01 3.878505706787109542e-02 0.000000000000000000e+00 0.000000000000000000e+00 0.000000000000000000e+00 1.000000000000000000e+00 7.036117089646309886e-01 -7.105010109345233360e-01 1.090304860540123114e-02 3.183044952381068327e-01 7.105659605298082493e-01 7.036216840518497717e-01 -3.541393566078484319e-03 1.345922176732380071e-01 -5.155457712215808473e-03 1.023910118414494280e-02 9.999342888723830036e-01 1.004983981556825334e+00 0.000000000000000000e+00 0.000000000000000000e+00 0.000000000000000000e+00 1.000000000000000000e+00 1.400137207031250108e+00 3.050548400878906330e-01 1.335841430664062468e+00
9.683248099855765734e-01 -2.496889720823385617e-01 1.574670397926500581e-03 1.126030395507812587e+00 2.496883973438104032e-01 9.683260796260885206e-01 5.547502585891506480e-04 8.449500274658203192e-02 -1.663309434956957572e-03 -1.440015107347803879e-04 9.999986063316730345e-01 3.878955459594726762e-02 0.000000000000000000e+00 0.000000000000000000e+00 0.000000000000000000e+00 1.000000000000000000e+00 7.036030150943235473e-01 -7.105096602451338450e-01 1.090045175768772183e-02 3.182931490338683500e-01 7.105747056941219553e-01 7.036127324151078000e-01 -3.565166343672602784e-03 1.345873294021240063e-01 -5.136611518225515580e-03 1.025404708837277488e-02 9.999342327075417813e-01 1.004973668283959398e+00 0.000000000000000000e+00 0.000000000000000000e+00 0.000000000000000000e+00 1.000000000000000000e+00 1.400086059570312624e+00 3.050931091308594079e-01 1.335844482421874924e+00
9.683146640537391159e-01 -2.497285491005702684e-01 1.537251644418572869e-03 1.126042602539062631e+00 2.497280804939910059e-01 9.683158798054674055e-01 4.926757049168216732e-04 8.452263641357421475e-02 -1.611580367513550669e-03 -9.317020729708946447e-05 9.999986970631669081e-01 3.879310226440429998e-02 0.000000000000000000e+00 0.000000000000000000e+00 0.000000000000000000e+00 1.000000000000000000e+00 7.036285184999396813e-01 -7.104839790926493759e-01 1.092810167667414636e-02 3.183172637014534123e-01 7.105492023242874211e-01 7.036385905840734090e-01 -3.544702692400363009e-03 1.345905179367769267e-01 -5.170979587937408854e-03 1.025910783325593816e-02 9.999340036605249837e-01 1.004974539371498610e+00 0.000000000000000000e+00 0.000000000000000000e+00 0.000000000000000000e+00 1.000000000000000000e+00 1.400076171875000108e+00 3.050718688964843550e-01 1.335834960937499982e+00
9.683186286823060041e-01 -2.497132012890598274e-01 1.533117343099904030e-03 1.126029052734375036e+00 2.497127320100762660e-01 9.683198377109282218e-01 4.933229624680704429e-04 8.451673126220703158e-02 -1.607737193089613451e-03 -9.485489427706758300e-05 9.999987030909924801e-01 3.879597091674804460e-02 0.000000000000000000e+00 0.000000000000000000e+00 0.000000000000000000e+00 1.000000000000000000e+00 7.036202834882254731e-01 -7.104925507931895146e-01 1.090100597817988785e-02 3.182970155765269538e-01 7.105576008501052199e-01 7.036300069126013579e-01 -3.565002989498263549e-03 1.345941079539105245e-01 -5.137366844187056178e-03 1.025420106881529472e-02 9.999342272481468452e-01 1.004975168965833943e+00 0.000000000000000000e+00 0.000000000000000000e+00 0.000000000000000000e+00 1.000000000000000000e+00 1.400094482421875064e+00 3.050837097167968803e-01 1.335841796875000043e+00
9.683240340622184528e-01 -2.496919756927566680e-01 1.575541849431645646e-03 1.126031372070312564e+00 2.496914603420986867e-01 9.683253096872386223e-01 5.188943472830252496e-04 8.449644470214844050e-02 -1.655200804025004678e-03 -1.090585223985019911e-04 9.999986242073221065e-01 3.877545928955078436e-02 0.000000000000000000e+00 0.000000000000000000e+00 0.000000000000000000e+00 1.000000000000000000e+00 7.036293350973236160e-01 -7.104836107469726381e-01 1.089943349181799435e-02 3.182885114925848580e-01 7.105487074193553854e-01 7.036389256262567393e-01 -3.577251488300959171e-03 1.345937267717477182e-01 -5.127687118159604193e-03 1.026163746540362243e-02 9.999342006458959986e-01 1.004980127989072214e+00 0.000000000000000000e+00 0.000000000000000000e+00 0.000000000000000000e+00 1.000000000000000000e+00 1.400068603515625121e+00 3.050993041992187682e-01 1.335852783203125060e+00
9.683242084197349886e-01 -2.496912650150559798e-01 1.581000782687624505e-03 1.126024414062499979e+00 2.496907240761403191e-01 9.683254913656313967e-01 5.339305586409121267e-04 8.450881958007812333e-02 -1.664241156362686368e-03 -1.222566553528511184e-04 9.999986076763726084e-01 3.878481674194336065e-02 0.000000000000000000e+00 0.000000000000000000e+00 0.000000000000000000e+00 1.000000000000000000e+00 7.036034700613205128e-01 -7.105093966747934031e-01 1.088825764249623171e-02 3.182794630892620269e-01 7.105743687981272982e-01 7.036130214813515193e-01 -3.575249505423263099e-03 1.346093200436515036e-01 -5.120871489444053792e-03 1.025247475997897485e-02 9.999343295619390615e-01 1.004985178419333769e+00 0.000000000000000000e+00 0.000000000000000000e+00 0.000000000000000000e+00 1.000000000000000000e+00 1.400053100585937571e+00 3.051604614257812376e-01 1.335834350585937580e+00
9.683265642067154788e-01 -2.496819652941543455e-01 1.606629536187833543e-03 1.126026611328124982e+00 2.496813660808716306e-01 9.683278858246058274e-01 5.665390004377494643e-04 8.449814605712890891e-02 -1.697198753125214775e-03 -1.474493064017377939e-04 9.999985488864943095e-01 3.879564666748046980e-02 0.000000000000000000e+00 0.000000000000000000e+00 0.000000000000000000e+00 1.000000000000000000e+00 7.036123496076227557e-01 -7.105004830859282805e-01 1.089610087613850260e-02 3.182789042602538476e-01 7.105656637011854571e-01 7.036216848972618454e-01 -3.600293214753959910e-03 1.346066037430736495e-01 -5.108722788945424184e-03 1.027560591891783781e-02 9.999341542694022422e-01 1.004993945835248814e+00 0.000000000000000000e+00 0.000000000000000000e+00 0.000000000000000000e+00 1.000000000000000000e+00 1.400084838867187598e+00 3.050865783691406041e-01 1.335850097656249957e+00
9.683251142310272952e-01 -2.496876884324605861e-01 1.591035738886493632e-03 1.126028808593749986e+00 2.496871348745595687e-01 9.683264130867031971e-01 5.407372493627585338e-04 8.449366760253906872e-02 -1.675657363971425366e-03 -1.263483036325674434e-04 9.999985881032555923e-01 3.877659606933593628e-02 0.000000000000000000e+00 0.000000000000000000e+00 0.000000000000000000e+00 1.000000000000000000e+00 7.036279618246571443e-01 -7.104848829283260114e-01 1.090515789898769718e-02 3.182897568173547742e-01 7.105498515796767611e-01 7.036379538735899608e-01 -3.540944603805973399e-03 1.346122389725508683e-01 -5.157495378421346130e-03 1.024016596108866077e-02 9.999342674608721060e-01 1.004981695733090374e+00 0.000000000000000000e+00 0.000000000000000000e+00 0.000000000000000000e+00 1.000000000000000000e+00 1.400073364257812480e+00 3.051397094726562287e-01 1.335886352539062516e+00
9.683234803038607286e-01 -2.496939952426389664e-01 1.595691695701470601e-03 1.126025512695312480e+00 2.496934351588744327e-01 9.683247865262962772e-01 5.442769183173390597e-04 8.449872589111327714e-02 -1.681050498854917783e-03 -1.286023788399164004e-04 9.999985787643143054e-01 3.877146911621093955e-02 0.000000000000000000e+00 0.000000000000000000e+00 0.000000000000000000e+00 1.000000000000000000e+00 7.035946355541727870e-01 -7.105181070935430165e-01 1.089074430878304509e-02 3.182582742151368604e-01 7.105829786399376902e-01 7.036044508787596685e-01 -3.550657797217328642e-03 1.346222748527054203e-01 -5.139969512026484888e-03 1.023700130935171516e-02 9.999343901064747797e-01 1.005002500250378406e+00 0.000000000000000000e+00 0.000000000000000000e+00 0.000000000000000000e+00 1.000000000000000000e+00 1.400095336914062516e+00 3.051002807617187451e-01 1.335863525390625028e+00
9.683204135481625618e-01 -2.497059734889095217e-01 1.582248359564833928e-03 1.126026367187499932e+00 2.497054595006376887e-01 9.683217004360288316e-01 5.176487739051220628e-04 8.450748443603516014e-02 -1.661385413059255885e-03 -1.061538211512399121e-04 9.999986142639776254e-01 3.877296066284179749e-02 0.000000000000000000e+00 0.000000000000000000e+00 0.000000000000000000e+00 1.000000000000000000e+00 7.036200261269702771e-01 -7.104925270252121505e-01 1.091915172575070626e-02 3.182682117364215024e-01 7.105575830170721696e-01 7.036302009594759266e-01 -3.530087061838968303e-03 1.346308923898454357e-01 -5.174944445912004268e-03 1.024252600952772763e-02 9.999341531375582903e-01 1.004993093716739727e+00 0.000000000000000000e+00 0.000000000000000000e+00 0.000000000000000000e+00 1.000000000000000000e+00 1.400103027343750028e+00 3.051241760253906588e-01 1.335824462890625064e+00
9.683226868015010202e-01 -2.496971791429369036e-01 1.578908984814119103e-03 1.126034790039062594e+00 2.496966104072536885e-01 9.683239640640134427e-01 5.507907799852804686e-04 8.449811553955077770e-02 -1.666426311131757442e-03 -1.390949862911977002e-04 9.999986018369897423e-01 3.879644775390624772e-02 0.000000000000000000e+00 0.000000000000000000e+00 0.000000000000000000e+00 1.000000000000000000e+00 7.036023858472392201e-01 -7.105089230391923305e-01 1.098876297677869873e-02 3.182709197338856044e-01 7.105748042593031943e-01 7.036127034329900942e-01 -3.551213816765759739e-03 1.346254846353771017e-01 -5.208664121043472123e-03 1.030698061540646915e-02 9.999333157609400224e-01 1.005000151052400925e+00 0.000000000000000000e+00 0.000000000000000000e+00 0.000000000000000000e+00 1.000000000000000000e+00 1.400105468750000082e+00 3.051382141113281321e-01 1.335898559570312560e+00
9.683241359404607396e-01 -2.496915320358178980e-01 1.583219746684615689e-03 1.126030517578125112e+00 2.496910067610580430e-01 9.683254237020361144e-01 5.243614415295623585e-04 8.450659942626953525e-02 -1.664000543697837084e-03 -1.124361073159385713e-04 9.999986092291890394e-01 3.878617858886718867e-02 0.000000000000000000e+00 0.000000000000000000e+00 0.000000000000000000e+00 1.000000000000000000e+00 7.036188995021556147e-01 -7.104922370818533839e-01 1.101023659142249742e-02 3.182906967015720068e-01 7.105584772888808853e-01 7.036290577892816422e-01 -3.577623159989584342e-03 1.346345896859021951e-01 -5.205248916482835796e-03 1.034070021765678277e-02 9.999329854058851552e-01 1.004994573550971326e+00 0.000000000000000000e+00 0.000000000000000000e+00 0.000000000000000000e+00 1.000000000000000000e+00 1.400111572265624993e+00 3.051355285644531401e-01 1.335861572265625075e+00
9.683226117220344875e-01 -2.496973580844876750e-01 1.596556746602380023e-03 1.126033813476562617e+00 2.496968635869660780e-01 9.683239236870568867e-01 5.051040831044994453e-04 8.450265502929688033e-02 -1.672107248367939863e-03 -9.044849277798749487e-05 9.999985979372271183e-01 3.876480484008788807e-02 0.000000000000000000e+00 0.000000000000000000e+00 0.000000000000000000e+00 1.000000000000000000e+00 7.036020352003140577e-01 -7.105090121568592432e-01 1.100543983038216288e-02 3.182757970137281567e-01 7.105748814763385157e-01 7.036128019367612341e-01 -3.516072466167084829e-03 1.346507229244599535e-01 -5.245367180993320069e-03 1.029410484617573028e-02 9.999332565369314363e-01 1.005011937353942120e+00 0.000000000000000000e+00 0.000000000000000000e+00 0.000000000000000000e+00 1.000000000000000000e+00 1.400146484375000000e+00 3.051849670410156090e-01 1.335871582031250115e+00
9.683233538430084941e-01 -2.496945092918779197e-01 1.591989860500869162e-03 1.126029418945312610e+00 2.496939633990411522e-01 9.683246548764579131e-01 5.360974415974126359e-04 8.450505065917969516e-02 -1.675423619848621752e-03 -1.216054146747139175e-04 9.999985890829132806e-01 3.878146362304687317e-02 0.000000000000000000e+00 0.000000000000000000e+00 0.000000000000000000e+00 1.000000000000000000e+00 7.035930741304180502e-01 -7.105165254902114924e-01 1.109292752278391754e-02 3.182868521211290602e-01 7.105836767994559988e-01 7.036035577422082854e-01 -3.587728901837455072e-03 1.346494155584910812e-01 -5.255882597072865023e-03 1.040675443280004303e-02 9.999320352705483028e-01 1.005002989794803181e+00 0.000000000000000000e+00 0.000000000000000000e+00 0.000000000000000000e+00 1.000000000000000000e+00 1.400093750000000137e+00 3.052249145507812678e-01 1.335858032226562520e+00
9.683178771763166770e-01 -2.497161639298255686e-01 1.525192749861212921e-03 1.126023193359374952e+00 2.497157143728016282e-01 9.683190745763639029e-01 4.814632443225400722e-04 8.451310729980468506e-02 -1.597102386541622478e-03 -8.534486959301389067e-05 9.999987209892921003e-01 3.878615570068359719e-02 0.000000000000000000e+00 0.000000000000000000e+00 0.000000000000000000e+00 1.000000000000000000e+00 7.036089148518379632e-01 -7.104999742901672022e-01 1.114816014824361427e-02 3.183067638642089747e-01 7.105674163416699773e-01 7.036202504680493242e-01 -3.534114429878690029e-03 1.346609861184071555e-01 -5.333083024197776342e-03 1.040815377246980152e-02 9.999316119417895887e-01 1.004998760267152180e+00 0.000000000000000000e+00 0.000000000000000000e+00 0.000000000000000000e+00 1.000000000000000000e+00 1.400155883789062639e+00 3.051663818359375280e-01 1.335884887695312440e+00
9.683197878206172282e-01 -2.497083799203931587e-01 1.585406120630501823e-03 1.126038574218749977e+00 2.497078662049788955e-01 9.683210799990012996e-01 5.172861143489270765e-04 8.450423431396485163e-02 -1.664352844535340117e-03 -1.050100010379485349e-04 9.999986094502875122e-01 3.877417373657226357e-02 0.000000000000000000e+00 0.000000000000000000e+00 0.000000000000000000e+00 1.000000000000000000e+00 7.036344327437402679e-01 -7.104741550398496752e-01 1.118302632592875143e-02 3.183211538476588554e-01 7.105420476250248196e-01 7.036457863468447149e-01 -3.550480695271661380e-03 1.346505569793560453e-01 -5.346364580887170981e-03 1.044425089425504889e-02 9.999311646353592486e-01 1.005004551546241798e+00 0.000000000000000000e+00 0.000000000000000000e+00 0.000000000000000000e+00 1.000000000000000000e+00 1.400179931640624931e+00 3.051647033691406441e-01 1.335837646484375085e+00
9.683257902414220686e-01 -2.496850630122025017e-01 1.591622416861190317e-03 1.126029052734375036e+00 2.496844518644549260e-01 9.683270851925629419e-01 5.749605390926930230e-04 8.450093078613281350e-02 -1.684770154079227823e-03 -1.593457476454005048e-04 9.999985680782050856e-01 3.880433654785156450e-02 0.000000000000000000e+00 0.000000000000000000e+00 0.000000000000000000e+00 1.000000000000000000e+00 7.036173540697637785e-01 -7.104908107109420001e-01 1.119941726936203238e-02 3.183272286657735650e-01 7.105587552924021999e-01 7.036290266233490298e-01 -3.528196478463596804e-03 1.346633369649890277e-01 -5.373483895658843178e-03 1.044034426573293289e-02 9.999310600648607661e-01 1.005000780340404409e+00 0.000000000000000000e+00 0.000000000000000000e+00 0.000000000000000000e+00 1.000000000000000000e+00 1.400157104492187443e+00 3.052599182128906130e-01 1.335902343749999943e+00
9.683256094883599951e-01 -2.496857391915658364e-01 1.595510375242788952e-03 1.126019287109375044e+00 2.496851778777578468e-01 9.683269153058815526e-01 5.450159158308447941e-04 8.450540161132812089e-02 -1.681058341812772345e-03 -1.293775770294553233e-04 9.999985786511368380e-01 3.878816223144531533e-02 0.000000000000000000e+00 0.000000000000000000e+00 0.000000000000000000e+00 1.000000000000000000e+00 7.036244405700818882e-01 -7.104825680543878086e-01 1.127684012839947833e-02 3.183448780786346521e-01 7.105511125569459185e-01 7.036369373904080016e-01 -3.489524886474480551e-03 1.346845759409980303e-01 -5.455554648756178598e-03 1.046808629546204863e-02 9.999303256191329758e-01 1.004999370313580664e+00 0.000000000000000000e+00 0.000000000000000000e+00 0.000000000000000000e+00 1.000000000000000000e+00 1.400189453125000094e+00 3.052598571777344061e-01 1.335909912109374931e+00
9.683176241111854932e-01 -2.497170991133231821e-01 1.532725055499651722e-03 1.126032348632812541e+00 2.497165981480239383e-01 9.683188304516723299e-01 5.130322443896336015e-04 8.452088928222656339e-02 -1.612279456965974057e-03 -1.140312772241852918e-04 9.999986937750571236e-01 3.880799484252929477e-02 0.000000000000000000e+00 0.000000000000000000e+00 0.000000000000000000e+00 1.000000000000000000e+00 7.036077953378001570e-01 -7.104994811510770836e-01 1.124978328371298124e-02 3.183337889987477021e-01 7.105677835572065115e-01 7.036200650783891453e-01 -3.496997237957355162e-03 1.346990384922089057e-01 -5.430958523048449657e-03 1.045424809030839723e-02 9.999306042853109977e-01 1.005003762806807810e+00 0.000000000000000000e+00 0.000000000000000000e+00 0.000000000000000000e+00 1.000000000000000000e+00 1.400200317382812587e+00 3.052469177246093790e-01 1.335899414062500012e+00
9.683231820832335357e-01 -2.496951394766296906e-01 1.597611325501315438e-03 1.126030639648437415e+00 2.496945704887236217e-01 9.683244908633202863e-01 5.494203703188909032e-04 8.449578094482422530e-02 -1.684193769361612457e-03 -1.331016075595650207e-04 9.999985728866362944e-01 3.877133560180664323e-02 0.000000000000000000e+00 0.000000000000000000e+00 0.000000000000000000e+00 1.000000000000000000e+00 7.036239160048627372e-01 -7.104825226025383023e-01 1.131237827849280314e-02 3.183182403858042520e-01 7.105514586628817186e-01 7.036365706242883045e-01 -3.493003312648923844e-03 1.347133077555593972e-01 -5.478085252453536967e-03 1.049578755619335300e-02 9.999299120566111920e-01 1.005027386776475629e+00 0.000000000000000000e+00 0.000000000000000000e+00 0.000000000000000000e+00 1.000000000000000000e+00 1.400228637695312583e+00 3.052722473144531268e-01 1.335873291015625020e+00
9.683228412227727899e-01 -2.496965391938902046e-01 1.585396117927283157e-03 1.126029296875000085e+00 2.496959750436076042e-01 9.683241297611956400e-01 5.475118675391621274e-04 8.449414825439453824e-02 -1.671889134710826882e-03 -1.343012176825039402e-04 9.999985933739627963e-01 3.878140640258789101e-02 0.000000000000000000e+00 0.000000000000000000e+00 0.000000000000000000e+00 1.000000000000000000e+00 7.036149940272515835e-01 -7.104899617995558136e-01 1.139975272085300834e-02 3.183531565288292842e-01 7.105596778339643427e-01 7.036283954032440668e-01 -3.467768554718746610e-03 1.347165274747125496e-01 -5.557374966995744237e-03 1.054017857163249208e-02 9.999290075896160035e-01 1.005015986410469742e+00 0.000000000000000000e+00 0.000000000000000000e+00 0.000000000000000000e+00 1.000000000000000000e+00 1.400214233398437536e+00 3.053502502441406419e-01 1.335884887695312440e+00
9.683178374013349243e-01 -2.497163257309406026e-01 1.523953359062037030e-03 1.126034057617187445e+00 2.497158378368721232e-01 9.683190304834553563e-01 5.055066863354552333e-04 8.452371215820313199e-02 -1.601906311493069999e-03 -1.089358514217704348e-04 9.999987110137440460e-01 3.880294418334961221e-02 0.000000000000000000e+00 0.000000000000000000e+00 0.000000000000000000e+00 1.000000000000000000e+00 7.036399231143354305e-01 -7.104648538356735932e-01 1.142585068636668179e-02 3.183366204166491187e-01 7.105347977234596213e-01 7.036535611834827675e-01 -3.459343562741608227e-03 1.347236300803700548e-01 -5.582098506342060909e-03 1.055259674476957676e-02 9.999287389000317550e-01 1.005035260082015824e+00 0.000000000000000000e+00 0.000000000000000000e+00 0.000000000000000000e+00 1.000000000000000000e+00 1.400282836914062523e+00 3.053181152343750204e-01 1.335899047851562438e+00
9.683247395653452605e-01 -2.496891366834126658e-01 1.591781391507168927e-03 1.126026245117187630e+00 2.496885949072018274e-01 9.683260405413298688e-01 5.336504643394072989e-04 8.450782012939453414e-02 -1.674610095977114048e-03 -1.192972878555266395e-04 9.999985907235987570e-01 3.878300857543945379e-02 0.000000000000000000e+00 0.000000000000000000e+00 0.000000000000000000e+00 1.000000000000000000e+00 7.036560834617696658e-01 -7.104473372495155870e-01 1.151942716961569697e-02 3.183713995974611355e-01 7.105183367009401119e-01 7.036701258783558677e-01 -3.470901621792006099e-03 1.347370228072445053e-01 -5.639983951432872913e-03 1.062708527357423063e-02 9.999276252007520682e-01 1.005034037376153044e+00 0.000000000000000000e+00 0.000000000000000000e+00 0.000000000000000000e+00 1.000000000000000000e+00 1.400294067382812591e+00 3.053606567382812775e-01 1.335896728515625131e+00
9.683141650602623551e-01 -2.497306595561029352e-01 1.508449972960166892e-03 1.126034667968750069e+00 2.497301673841386960e-01 9.683153329966919243e-01 5.092953914711562677e-04 8.453086853027344527e-02 -1.587841911896750160e-03 -1.164524775234906820e-04 9.999987325976384955e-01 3.882027435302734530e-02 0.000000000000000000e+00 0.000000000000000000e+00 0.000000000000000000e+00 1.000000000000000000e+00 7.036640117792554161e-01 -7.104385991764600172e-01 1.157390715848845286e-02 3.183814377346379509e-01 7.105099410612151223e-01 7.036788076035387363e-01 -3.429195656541669888e-03 1.347591789072280777e-01 -5.708080230063750961e-03 1.063637766588371170e-02 9.999271399908274960e-01 1.005056380929680637e+00 0.000000000000000000e+00 0.000000000000000000e+00 0.000000000000000000e+00 1.000000000000000000e+00 1.400284179687500075e+00 3.053687438964843848e-01 1.335914184570312635e+00
9.683233207358956651e-01 -2.496946295705109453e-01 1.593261639852046243e-03 1.126042968749999984e+00 2.496940963096581922e-01 9.683246247982516541e-01 5.284670549993557851e-04 8.450538635253906916e-02 -1.674749865153462875e-03 -1.138989482487944536e-04 9.999985911189669396e-01 3.878282546997070118e-02 0.000000000000000000e+00 0.000000000000000000e+00 0.000000000000000000e+00 1.000000000000000000e+00 7.036297227700615275e-01 -7.104719904392206020e-01 1.160879131772547118e-02 3.183861342330788213e-01 7.105437933256929517e-01 7.036445493448894029e-01 -3.444697891338200767e-03 1.347716038342564038e-01 -5.721101367878967010e-03 1.067234644113193576e-02 9.999266823225485545e-01 1.005062141647043994e+00 0.000000000000000000e+00 0.000000000000000000e+00 0.000000000000000000e+00 1.000000000000000000e+00 1.400315063476562427e+00 3.054381103515624862e-01 1.335958251953125009e+00
9.683262855725417451e-01 -2.496831815404550181e-01 1.585410079580870310e-03 1.126022705078125075e+00 2.496826382389142063e-01 9.683275757290885633e-01 5.350183937617590448e-04 8.449817657470702625e-02 -1.668781393634105603e-03 -1.222230025839926158e-04 9.999986001141191183e-01 3.877720260620116932e-02 0.000000000000000000e+00 0.000000000000000000e+00 0.000000000000000000e+00 1.000000000000000000e+00 7.036293669040160070e-01 -7.104723067145702897e-01 1.161100434636139558e-02 3.183663938345705491e-01 7.105439939693157791e-01 7.036444652583198067e-01 -3.420401360386101600e-03 1.347877773968143567e-01 -5.739918500004322771e-03 1.065682424602481908e-02 9.999267400327900290e-01 1.005101168269920908e+00 0.000000000000000000e+00 0.000000000000000000e+00 0.000000000000000000e+00 1.000000000000000000e+00 1.400326782226562594e+00 3.054053344726562758e-01 1.335938110351562624e+00
